"stop_id","stop_code","stop_name","stop_desc","stop_lat","stop_lon","zone_id","stop_url","location_type","parent_station","stop_timezone","platform_code"
"1387","TER-ALV","Terminal Alvorada",,"-10.91321","-37.089393",,,"0",,,
1387	-10.91321	-37.089393
1409	-10.923184	-37.081227
1414	-10.922522	-37.081448
1418	-10.924946	-37.080672
1420	-10.925277	-37.08032
1436	-10.927979	-37.080656
1551	-10.936963	-37.08254
1567	-10.954359	-37.054192
1568	-10.909991	-37.09056
1577	-10.918599	-37.056631
1589	-10.918518	-37.056794
1604	-10.918558	-37.054381
1622	-10.91842	-37.051174
1753	-10.918709	-37.068231
1771	-10.918424	-37.072672
1791	-10.918533	-37.078565
1854	-10.939426	-37.076983
1857	-10.938935	-37.076987
1915	-10.919553	-37.06984
1916	-10.919498	-37.069599
2003	-10.924336	-37.047659
2005	-10.924484	-37.04733
2007	-10.924484	-37.04733
2008	-10.924298	-37.049542
2078	-10.916126	-37.068374
2182	-10.941387	-37.057366
2185	-10.92864	-37.056341
2256	-10.904549	-37.067236
2269	-10.91761	-37.057439
2278	-10.92099	-37.057456
2281	-10.926407	-37.058312
2282	-10.928346	-37.060043
2286	-10.936094	-37.062961
2336	-10.928492	-37.066845
2344	-10.931294	-37.05933
2345	-10.932828	-37.056838
2346	-10.933393	-37.0552
2348	-10.934253	-37.053235
2349	-10.934659	-37.052606
2451	-10.91143	-37.068228
2460	-10.910915	-37.071724
2513	-10.907011	-37.048298
2516	-10.915745	-37.047725
2964	-10.937706	-37.050582
2979	-10.932655	-37.048415
2984	-10.9316	-37.047887
3061	-10.94966	-37.065616
3063	-10.950271	-37.066042
3067	-10.942439	-37.062577
3068	-10.942291	-37.065695
3172	-10.92574	-37.05187
3173	-10.927532	-37.054191
3218	-10.917411	-37.064312
3220	-10.90871	-37.06308
3723	-10.986342	-37.062565
4092	-10.959855	-37.054888
4096	-10.968192	-37.053571
4100	-10.970894	-37.054809
4109	-10.975789	-37.053806
4120	-10.982597	-37.06024
4121	-10.982796	-37.060202
4130	-10.975332	-37.075562
4132	-10.973726	-37.078369
4133	-10.968956	-37.081219
4135	-10.966378	-37.079558
4172	-10.937856	-37.055013
4173	-10.93919	-37.057087
4175	-10.943636	-37.053433
4194	-10.903002	-37.090284
4500	-10.980878	-37.05102
4698	-10.983641	-37.053501
4763	-10.926086	-37.077268
4812	-10.893344	-37.085349
4836	-10.903603	-37.060022
4839	-10.89993	-37.059986
4851	-10.892752	-37.072996
4854	-10.890424	-37.075881
5002	-10.903143	-37.053217
5005	-10.902967	-37.058391
5006	-10.903158	-37.058365
5271	-10.928075	-37.072025
5359	-10.920591	-37.088829
5400	-10.933365	-37.055164
1353	-10.910011	-37.090838
1374	-10.912958	-37.089842
1428	-10.927657	-37.0808
1538	-10.93126	-37.081924
1547	-10.936976	-37.082853
1552	-10.934456	-37.082898
1553	-10.934686	-37.083202
1558	-10.940258	-37.079819
1560	-10.944145	-37.07584
1562	-10.945022	-37.075498
1564	-10.951688	-37.062303
1565	-10.952124	-37.060042
1566	-10.95432	-37.054672
1610	-10.918464	-37.054517
1616	-10.918504	-37.052363
1627	-10.91847	-37.048491
1634	-10.918349	-37.048888
1684	-10.918579	-37.058892
1691	-10.918643	-37.059159
1701	-10.918668	-37.061444
1722	-10.918681	-37.065871
1744	-10.918766	-37.065717
1762	-10.918844	-37.068892
1773	-10.918425	-37.072424
1796	-10.918645	-37.081307
1799	-10.918769	-37.081198
1803	-10.918638	-37.077783
1869	-10.935591	-37.075495
1876	-10.935775	-37.075802
1879	-10.933143	-37.074809
1880	-10.930899	-37.073754
1890	-10.928021	-37.072883
1917	-10.922624	-37.070995
1918	-10.924456	-37.071634
2009	-10.924033	-37.050683
2081	-10.916371	-37.068707
2108	-10.90271	-37.087649
2131	-10.922193	-37.070612
2199	-10.903508	-37.079452
2241	-10.90338	-37.073712
2257	-10.904489	-37.066015
2271	-10.917016	-37.057479
2279	-10.921744	-37.057226
2280	-10.925755	-37.057571
2283	-10.929251	-37.060281
2284	-10.932509	-37.061733
2285	-10.932295	-37.061423
2287	-10.936683	-37.062822
2289	-10.941662	-37.066546
2290	-10.945921	-37.071478
2291	-10.945837	-37.071038
2292	-10.942645	-37.067439
2293	-10.940771	-37.065253
2333	-10.927824	-37.06971
2335	-10.928724	-37.066674
2415	-10.90932	-37.080863
2418	-10.90906	-37.081159
2423	-10.909704	-37.076433
2431	-10.909958	-37.076057
2469	-10.911524	-37.065155
2518	-10.916307	-37.047422
2535	-10.919657	-37.046426
2538	-10.923563	-37.044805
2540	-10.923847	-37.04412
2717	-10.89461	-37.08693
2723	-10.89714	-37.08836
2938	-10.951275	-37.051997
2959	-10.94145	-37.05137
2976	-10.935539	-37.050212
2983	-10.932136	-37.047961
3035	-10.936888	-37.068532
3036	-10.93473	-37.07462
3037	-10.936665	-37.072119
3041	-10.93871	-37.07408
3046	-10.942083	-37.073692
3055	-10.944427	-37.072665
3059	-10.993673	-37.052401
3060	-10.94694	-37.06330
3065	-10.941865	-37.060346
3066	-10.941865	-37.060346
3088	-11.02663	-37.07606
3091	-11.03127	-37.07927
3093	-11.04562	-37.08858
3098	-11.05607	-37.09558
3108	-11.06045	-37.09880
3121	-11.06458	-37.10201
3138	-11.06742	-37.10360
3143	-11.067443	-37.103563
3146	-11.08312	-37.11433
3148	-11.09332	-37.12187
3150	-10.92561	-37.070091
3175	-11.097136	-37.14082
3179	-11.10539	-37.14936
3180	-11.09735	-37.13802
3182	-11.09890	-37.13550
3202	-11.10102	-37.12936
3207	-11.101156	-37.12937
3214	-11.09988	-37.148621
3217	-11.09854	-37.14433
3219	-10.91478	-37.06422
3221	-10.908477	-37.062513
3285	-10.925578	-37.070032
3286	-10.920896	-37.066286
3288	-11.094986	-37.139012
3290	-11.09213	-37.13680
3291	-11.08875	-37.13405
3295	-11.07600	-37.12531
3296	-11.07605	-37.125306
3297	-11.06355	-37.13854
3340	-10.970083	-37.057811
3344	-11.069404	-37.132844
3353	-10.97606	-37.06684
3371	-10.97269	-37.063322
3384	-10.96979	-37.06726
3390	-10.97159	-37.06895
3404	-10.97324	-37.07130
3409	-10.97131	-37.072848
3416	-10.968943	-37.069941
3476	-11.07012	-37.12100
3477	-11.070117	-37.120824
3483	-11.05624	-37.11086
3484	-11.05163	-37.10749
3485	-11.05102	-37.10719
3486	-11.047563	-37.104531
3489	-11.04376	-37.10177
3495	-11.04150	-37.10502
3500	-11.04158	-37.11810
3504	-11.038387	-37.097752
3505	-11.03840	-37.09793
3506	-11.03319	-37.09396
3507	-11.03322	-37.09414
3508	-11.03056	-37.09205
3512	-11.02443	-37.08760
3592	-10.98611	-37.05854
3593	-10.989008	-37.060523
3595	-10.992024	-37.061981
3597	-10.992466	-37.062746
3598	-10.996629	-37.066182
3599	-10.99665	-37.066244
3600	-10.998872	-37.068162
3605	-11.011545	-37.07797
3719	-10.98625	-37.06045
3720	-10.98642	-37.06033
3721	-10.98609	-37.06572
3722	-10.98661	-37.06726
3724	-10.98762	-37.07047
3725	-10.98818	-37.07284
3728	-10.990652	-37.073596
3730	-10.99237	-37.07710
3731	-10.99001	-37.07665
3732	-10.99039	-37.07946
3733	-10.99439	-37.08161
3838	-10.99547	-37.08508
3839	-10.99571	-37.08121
3840	-10.99802	-37.08272
3841	-11.00338	-37.08684
3842	-11.00264	-37.08814
3845	-10.99551	-37.09039
3848	-11.00957	-37.08173
3849	-11.00797	-37.08387
3981	-10.98975	-37.05844
3991	-10.99661	-37.07276
3994	-10.934035	-37.077792
3995	-10.93423	-37.07798
4093	-10.95984	-37.054811
4095	-10.95984	-37.054811
4097	-10.969136	-37.053391
4099	-10.972584	-37.053763
4108	-10.975834	-37.053538
4111	-10.979209	-37.053366
4112	-10.982962	-37.052949
4114	-10.985485	-37.052553
4122	-10.98125	-37.062905
4123	-10.981626	-37.062611
4124	-10.979233	-37.066626
4125	-10.979461	-37.067113
4126	-10.978091	-37.068962
4127	-10.977821	-37.070445
4129	-10.975203	-37.074923
4136	-10.965593	-37.079402
4169	-10.933518	-37.059442
4170	-10.932992	-37.059264
4179	-10.909662	-37.06137
4182	-10.909753	-37.071675
4191	-10.899771	-37.09713
4192	-10.900883	-37.095265
4193	-10.902478	-37.09284
4201	-10.897106	-37.096533
4240	-10.895046	-37.091896
4246	-10.894132	-37.09656
4252	-10.888428	-37.095375
4261	-10.890822	-37.101552
4262	-10.88963	-37.09935
4264	-10.89147	-37.097374
4265	-10.894345	-37.094636
4334	-10.903771	-37.092161
4336	-10.903028	-37.087922
4338	-10.905884	-37.082332
4422	-10.944409	-37.046928
4423	-10.945631	-37.045741
4424	-10.948477	-37.045502
4425	-10.948556	-37.045165
4428	-10.956412	-37.045439
4429	-10.960759	-37.04348
4430	-10.96363	-37.042396
4431	-10.966296	-37.042652
4504	-10.974529	-37.050453
4506	-10.971086	-37.04888
4517	-10.973267	-37.045831
4521	-10.979099	-37.047203
4522	-10.978962	-37.047253
4599	-10.967032	-37.041213
4600	-10.963319	-37.040975
4602	-10.959569	-37.042599
4604	-10.955427	-37.044561
4672	-10.971071	-37.042241
4681	-10.953616	-37.076114
4682	-10.955846	-37.07646
4683	-10.957223	-37.076916
4685	-10.961332	-37.077201
4686	-10.962834	-37.0809
4690	-10.963444	-37.084053
4692	-10.965877	-37.086198
4695	-10.96744	-37.087592
4696	-10.9693	-37.089213
4699	-10.971372	-37.085143
4703	-10.971723	-37.089257
4711	-10.978191	-37.085486
4713	-10.980074	-37.089585
4714	-10.981706	-37.091763
4720	-10.986587	-37.098071
4753	-10.932835	-37.079649
4755	-10.929735	-37.076331
4756	-10.929611	-37.07629
4758	-10.930404	-37.079017
4759	-10.930191	-37.079083
4760	-10.928093	-37.07805
4762	-10.926361	-37.077256
4765	-10.92301	-37.075947
4768	-10.923048	-37.06384
4772	-10.932229	-37.071759
4790	-10.905613	-37.089776
4792	-10.906776	-37.086578
4796	-10.899135	-37.078471
4799	-10.897061	-37.081214
4805	-10.892592	-37.080615
4808	-10.892395	-37.081961
4837	-10.90348	-37.06030
4842	-10.89881	-37.06123
4844	-10.89869	-37.06352
4845	-10.896535	-37.067608
4846	-10.897307	-37.067625
4849	-10.89340	-37.07105
4852	-10.893048	-37.073051
4853	-10.891021	-37.075317
4882	-10.87915	-37.088854
4883	-10.877571	-37.089842
4890	-10.871652	-37.07623
4891	-10.874091	-37.076856
4913	-10.884854	-37.082764
4916	-10.883245	-37.081773
4917	-10.879452	-37.079169
4918	-10.877322	-37.078109
4919	-10.880105	-37.079693
4920	-10.875886	-37.077481
4921	-10.875886	-37.077481
4924	-10.870427	-37.078297
4925	-10.870587	-37.078384
4948	-10.884851	-37.076027
4985	-10.893517	-37.063209
4996	-10.906573	-37.059317
5018	-10.88175	-37.07240
5024	-10.88289	-37.06606
5026	-10.882782	-37.064537
5048	-10.874016	-37.060549
5050	-10.872339	-37.059376
5052	-10.870518	-37.057163
5053	-10.870406	-37.055782
5063	-10.88063	-37.048821
5068	-10.886697	-37.050588
5098	-10.892014	-37.05821
5139	-10.917072	-37.073242
5141	-10.914874	-37.07408
5142	-10.910671	-37.075605
5143	-10.911276	-37.075771
5160	-10.902815	-37.061491
5174	-10.894635	-37.072513
5191	-10.915738	-37.070245
5192	-10.914777	-37.070628
5193	-10.917424	-37.082392
5208	-10.910906	-37.080261
5209	-10.911028	-37.080012
5210	-10.910537	-37.083079
5211	-10.910575	-37.083183
5232	-10.943725	-37.08669
5235	-10.942815	-37.082874
5249	-10.946623	-37.085934
5251	-10.948129	-37.084654
5253	-10.947035	-37.088435
5279	-10.975862	-37.094994
5292	-10.982866	-37.096506
5295	-10.985889	-37.098186
5297	-10.98772	-37.098936
5299	-10.989733	-37.099669
5305	-10.999021	-37.10263
5318	-11.00787	-37.10879
5319	-10.953263	-37.06949
5320	-10.953222	-37.071884
5321	-10.95654	-37.072816
5347	-10.95407	-37.067186
5348	-10.954676	-37.06595
5351	-10.956673	-37.063494
5352	-10.954492	-37.062241
5353	-10.954401	-37.062108
5354	-10.952863	-37.060632
5355	-10.952867	-37.060212
5373	-10.972123	-37.08195
5384	-10.90737	-37.096161
5385	-10.913244	-37.091704
5388	-10.9091	-37.095705
5391	-10.906594	-37.098398
5393	-10.941694	-37.078805
5395	-10.90855	-37.086857
5396	-10.903441	-37.082401
5399	-10.918562	-37.062602
1780	-10.91833	-37.074186
1785	-10.918374	-37.07407
2116	-10.902893	-37.08778
2152	-10.904933	-37.06282
2162	-10.905048	-37.063097
2179	-10.938969	-37.060864
2180	-10.938848	-37.06088
2186	-10.927977	-37.055613
2288	-10.940087	-37.064724
2329	-10.927873	-37.069775
2371	-10.929502	-37.051011
2377	-10.931911	-37.053114
2379	-10.933121	-37.053829
2386	-10.941915	-37.060484
2932	-10.955982	-37.05324
2949	-10.950804	-37.051669
2952	-10.950583	-37.051571
2955	-10.945368	-37.050976
3100	-10.988649	-37.048951
3154	-10.925485	-37.069962
3210	-11.10572	-37.15127
3212	-10.92487	-37.05012
3216	-10.91777	-37.06479
3312	-11.07454	-37.12562
3362	-10.974355	-37.064735
3364	-10.976696	-37.066427
3383	-10.971786	-37.063535
3401	-10.973486	-37.073092
3413	-10.968814	-37.071818
3414	-10.967564	-37.070752
3481	-11.06460	-37.11691
3488	-11.043466	-37.101678
3502	-11.04107	-37.09977
3509	-11.03053	-37.09214
3511	-11.02776	-37.09014
3513	-11.02438	-37.08767
3514	-11.02068	-37.08477
3515	-11.02075	-37.08496
3596	-10.992024	-37.061981
3602	-10.998693	-37.068242
3603	-11.008865	-37.075886
3610	-11.01757	-37.082457
3726	-10.98912	-37.07409
3869	-11.00797	-37.09032
3996	-10.93432	-37.07813
4110	-10.977983	-37.053691
4134	-10.968955	-37.081457
4180	-10.910472	-37.065359
4181	-10.910291	-37.067972
4250	-10.88948	-37.093062
4325	-10.90490	-37.08678
4337	-10.90352	-37.08411
4339	-10.906281	-37.079789
4350	-10.896443	-37.102745
4354	-10.899068	-37.098299
4520	-10.975875	-37.046439
4674	-10.973408	-37.042773
4676	-10.975172	-37.043176
4679	-10.979079	-37.044641
4680	-10.953556	-37.0764
4684	-10.961599	-37.077319
4688	-10.962315	-37.083017
4697	-10.969507	-37.089008
4700	-10.970995	-37.084789
4707	-10.974756	-37.07749
4754	-10.932657	-37.079525
4764	-10.923185	-37.07597
4766	-10.920918	-37.074954
4795	-10.900798	-37.076874
4810	-10.894626	-37.083601
4843	-10.898522	-37.065542
4850	-10.893277	-37.070992
4879	-10.881695	-37.086304
4881	-10.878787	-37.088897
4914	-10.885208	-37.083069
4922	-10.873099	-37.077507
4923	-10.873463	-37.077506
4942	-10.886426	-37.072634
4950	-10.883868	-37.073813
4951	-10.883657	-37.073677
4992	-10.890111	-37.066788
5054	-10.871681	-37.053668
5092	-10.900542	-37.056291
5126	-10.895079	-37.053058
5127	-10.895079	-37.053058
5128	-10.894037	-37.054272
5129	-10.891262	-37.053979
5130	-10.890643	-37.053878
5131	-10.890321	-37.053784
5133	-10.891827	-37.051831
5134	-10.891411	-37.051798
5135	-10.894874	-37.051358
5136	-10.896955	-37.051047
5197	-10.914821	-37.082011
5198	-10.914807	-37.082037
5212	-10.910575	-37.083183
5214	-10.91041	-37.085276
5217	-10.914476	-37.085813
5218	-10.914456	-37.085912
5241	-10.935087	-37.089635
5243	-10.940821	-37.08939
5289	-10.977719	-37.095497
5300	-10.992625	-37.101018
5387	-10.909606	-37.092131
5397	-10.90502	-37.063083
14966	-10.89701	-37.051021
15131	-15.796444	-47.894327
1399	-10.914126	-37.088804
1406	-10.920038	-37.083756
1532	-10.930017	-37.081735
1563	-10.949953	-37.070324
1814	-10.924037	-37.05335
1877	-10.932937	-37.074543
2088	-10.912978	-37.067307
2093	-10.912472	-37.067396
2130	-10.924415	-37.07149
2181	-10.941126	-37.057761
2183	-10.9309	-37.057861
2184	-10.930658	-37.057479
2227	-10.903605	-37.076126
2236	-10.903585	-37.07362
2272	-10.913215	-37.057418
2339	-10.929576	-37.063713
2343	-10.929588	-37.063443
2361	-10.91323	-37.052693
2412	-10.908431	-37.085951
2480	-10.911574	-37.056715
3038	-10.93704	-37.07235
3039	-10.940005	-37.073661
3043	-10.93928	-37.07549
3050	-10.942083	-37.073692
3056	-10.944342	-37.07527
3058	-10.990112	-37.05031
3062	-10.99682	-37.05476
3064	-10.950145	-37.065113
3076	-11.02503	-37.07497
3081	-11.02542	-37.07544
3090	-11.02655	-37.07621
3092	-11.03122	-37.07941
3094	-11.04553	-37.08868
3096	-11.05176	-37.09286
3097	-11.05172	-37.09303
3099	-11.05603	-37.09569
3111	-11.06039	-37.09889
3122	-11.06450	-37.10214
3142	-11.06735	-37.10374
3147	-11.08328	-37.11465
3149	-11.09331	-37.12200
3151	-11.09807	-37.12533
3152	-11.09829	-37.12537
3153	-10.92561	-37.070091
3155	-10.98976	-37.04926
3176	-11.09684	-37.14090
3177	-11.10069	-37.14455
3178	-11.10297	-37.14703
3181	-11.09755	-37.13804
3183	-11.09897	-37.135651
3211	-11.103554	-37.151547
3213	-11.100572	-37.14977
3215	-10.91757	-37.06428
3287	-11.09485	-37.13915
3289	-11.09215	-37.13694
3292	-11.08870	-37.13421
3293	-11.08202	-37.12950
3294	-11.08199	-37.12963
3298	-11.040399	-37.121946
3319	-11.074674	-37.125603
3331	-11.071787	-37.130496
3335	-11.072032	-37.130365
3348	-10.969812	-37.057708
3350	-11.069339	-37.132852
3351	-10.970388	-37.06179
3357	-10.976696	-37.066427
3367	-11.06487	-37.13677
3375	-11.06492	-37.136881
3388	-10.970355	-37.067184
3393	-10.97510	-37.07104
3397	-10.976192	-37.072005
3398	-10.97231	-37.06869
3399	-10.976816	-37.069739
3400	-11.06590	-37.13894
3402	-10.975265	-37.07455
3403	-11.06609	-37.14079
3406	-10.973363	-37.072853
3407	-11.06733	-37.14158
3408	-10.97129	-37.07265
3410	-11.06884	-37.14236
3411	-10.96981	-37.07265
3412	-10.97131	-37.072848
3415	-11.07162	-37.14305
3417	-11.07321	-37.14116
3418	-10.968994	-37.069688
3419	-10.967775	-37.069325
3420	-10.967305	-37.067475
3421	-11.07372	-37.13471
3475	-11.07401	-37.12384
3478	-11.06793	-37.11924
3479	-11.06790	-37.11937
3480	-11.06498	-37.11731
3482	-11.05624	-37.11098
3487	-11.04755	-37.10469
3490	-11.043442	-37.102755
3491	-11.043424	-37.102948
3492	-11.04237	-37.10384
3493	-11.04261	-37.10392
3494	-11.041448	-37.105013
3496	-11.04154	-37.11108
3497	-11.04163	-37.11059
3498	-11.041158	-37.113399
3499	-11.04113	-37.11319
3501	-11.04151	-37.11806
3503	-11.04144	-37.100142
3510	-11.02779	-37.09007
3604	-11.009464	-37.076327
3606	-11.014658	-37.080177
3607	-11.014535	-37.079991
3608	-11.017402	-37.082472
3727	-10.98912	-37.07419
3729	-10.99070	-37.07365
3734	-10.99138	-37.08131
3831	-10.99331	-37.08314
3832	-10.99283	-37.08010
3833	-10.994932	-37.081405
3834	-10.99527	-37.08103
3835	-10.99484	-37.08599
3836	-10.99474	-37.08762
3837	-10.99537	-37.08673
3843	-11.0023	-37.088345
3844	-10.999717	-37.091507
3847	-11.01138	-37.07934
3850	-11.00626	-37.08514
3851	-11.00548	-37.08406
3852	-11.00195	-37.08560
3853	-11.00606	-37.08888
3854	-11.00673	-37.09222
3856	-11.00609	-37.09260
3857	-11.00488	-37.09363
3858	-11.00296	-37.09673
3859	-11.00683	-37.09867
3860	-11.00802	-37.10059
3861	-11.00620	-37.10275
3862	-11.00291	-37.10104
3863	-11.003528	-37.099596
3865	-11.00608	-37.09499
3866	-11.00697	-37.09396
3867	-11.00821	-37.09255
3868	-11.00824	-37.09048
3870	-11.01094	-37.08674
3982	-10.99175	-37.05587
3983	-10.99272	-37.05638
3984	-11.00304	-37.09656
3985	-10.99298	-37.05636
3986	-10.99285	-37.05636
3987	-10.995238	-37.057992
3988	-10.995321	-37.058692
3989	-10.99767	-37.06984
3990	-10.99732	-37.07096
3992	-10.99643	-37.07284
4094	-10.966451	-37.053377
4113	-10.983086	-37.05318
4115	-10.99250	-37.05236
4116	-10.995814	-37.075153
4117	-10.982773	-37.05533
4118	-10.983159	-37.058057
4119	-10.983229	-37.057528
4128	-10.976636	-37.071988
4131	-10.974048	-37.078228
4171	-10.936066	-37.05489
4174	-10.93919	-37.057087
4178	-10.910523	-37.057135
4195	-10.902422	-37.090721
4196	-10.901457	-37.093157
4197	-10.900524	-37.095037
4199	-10.895372	-37.094042
4200	-10.897314	-37.095065
4241	-10.893113	-37.09049
4242	-10.893162	-37.090384
4243	-10.894803	-37.091163
4244	-10.89194	-37.088741
4245	-10.891832	-37.08917
4247	-10.893923	-37.096526
4248	-10.891578	-37.093404
4249	-10.89199	-37.09372
4251	-10.889338	-37.092904
4253	-10.888333	-37.095409
4254	-10.889368	-37.096821
4255	-10.889471	-37.097143
4256	-10.892858	-37.09956
4257	-10.892873	-37.099569
4258	-10.891859	-37.100894
4259	-10.89196	-37.100699
4260	-10.890718	-37.101481
4263	-10.889843	-37.099388
4320	-10.908715	-37.068579
4321	-10.906453	-37.070732
4322	-10.905853	-37.074765
4323	-10.90519	-37.080067
4324	-10.904542	-37.084793
4326	-10.905611	-37.088137
4327	-10.905117	-37.090477
4328	-10.905008	-37.09311
4329	-10.904194	-37.095677
4330	-10.902367	-37.095664
4331	-10.905997	-37.095766
4332	-10.905727	-37.094375
4333	-10.905096	-37.093625
4335	-10.899283	-37.097213
4340	-10.90665	-37.07738
4341	-10.907554	-37.071395
4342	-10.89480	-37.11098
4343	-10.895287	-37.110026
4344	-10.896767	-37.110471
4345	-10.8968	-37.110318
4346	-10.896366	-37.10847
4347	-10.896269	-37.108427
4348	-10.89613	-37.10609
4349	-10.896154	-37.105857
4351	-10.896597	-37.102669
4352	-10.897381	-37.10109
4353	-10.897318	-37.101039
4355	-10.898972	-37.098287
4426	-10.952553	-37.045633
4427	-10.952209	-37.04532
4498	-10.983759	-37.050905
4499	-10.983736	-37.050758
4501	-10.980669	-37.050904
4502	-10.977866	-37.051201
4503	-10.977907	-37.051085
4505	-10.974678	-37.050402
4507	-10.970951	-37.048763
4508	-10.966916	-37.048713
4509	-10.967113	-37.04883
4510	-10.966752	-37.046425
4511	-10.966838	-37.046384
4512	-10.967268	-37.044036
4513	-10.967132	-37.044253
4514	-10.97008	-37.045131
4515	-10.971612	-37.04549
4516	-10.971651	-37.045433
4518	-10.973033	-37.045829
4519	-10.975954	-37.046502
4523	-10.9832	-37.048228
4524	-10.983011	-37.047984
4525	-10.984854	-37.046478
4595	-10.968315	-37.039129
4596	-10.96821	-37.03911
4597	-10.96884	-37.03652
4598	-10.96876	-37.03659
4601	-10.962831	-37.041351
4603	-10.955422	-37.044682
4659	-10.972785	-37.037641
4660	-10.979173	-37.042131
4661	-10.984655	-37.045971
4662	-10.987205	-37.047694
4663	-10.986642	-37.046936
4664	-10.980776	-37.042972
4665	-10.974124	-37.038312
4673	-10.970931	-37.042152
4675	-10.973269	-37.042676
4677	-10.975288	-37.043092
4678	-10.979149	-37.04454
4687	-10.962945	-37.080886
4689	-10.96243	-37.08287
4691	-10.963398	-37.083664
4693	-10.965775	-37.085796
4694	-10.967497	-37.08727
4701	-10.971745	-37.086594
4702	-10.971935	-37.086604
4704	-10.97164	-37.089272
4705	-10.967554	-37.084217
4706	-10.966874	-37.08345
4708	-10.976564	-37.081075
4709	-10.976629	-37.081279
4710	-10.97818	-37.08556
4712	-10.980016	-37.089829
4715	-10.981528	-37.091546
4716	-10.983781	-37.092822
4717	-10.98359	-37.092641
4718	-10.986299	-37.093978
4719	-10.986628	-37.094061
4721	-10.986602	-37.097856
4757	-10.927854	-37.07643
4761	-10.928433	-37.078292
4767	-10.920435	-37.074925
4769	-10.923203	-37.063995
4770	-10.923149	-37.066683
4771	-10.923225	-37.067316
4773	-10.932265	-37.071753
4774	-10.930086	-37.070081
4791	-10.904534	-37.089414
4793	-10.902179	-37.075776
4794	-10.900868	-37.076898
4797	-10.89900	-37.07818
4798	-10.89693	-37.08104
4800	-10.894696	-37.080655
4801	-10.89462	-37.080619
4802	-10.893426	-37.082348
4803	-10.895663	-37.083167
4804	-10.894721	-37.082201
4806	-10.891106	-37.079846
4807	-10.88988	-37.08042
4809	-10.894221	-37.083111
4811	-10.894379	-37.083786
4813	-10.893366	-37.08545
4840	-10.90031	-37.06034
4841	-10.898436	-37.061762
4847	-10.894249	-37.069265
4848	-10.89452	-37.06901
4876	-10.883209	-37.084646
4877	-10.883209	-37.084646
4878	-10.883171	-37.084563
4880	-10.881108	-37.086985
4884	-10.87738	-37.089962
4885	-10.877867	-37.093219
4886	-10.878058	-37.094721
4887	-10.878884	-37.094908
4888	-10.880021	-37.087405
4889	-10.88	-37.087545
4911	-10.88724	-37.081634
4912	-10.88703	-37.081762
4915	-10.883041	-37.081615
4940	-10.884982	-37.074644
4941	-10.885133	-37.073529
4943	-10.884867	-37.072421
4944	-10.886273	-37.078309
4945	-10.886263	-37.078176
4946	-10.884938	-37.077486
4947	-10.884858	-37.0775
4949	-10.884939	-37.076011
4952	-10.882454	-37.072759
4953	-10.882103	-37.072814
4973	-10.902355	-37.05899
4974	-10.900558	-37.058965
4975	-10.898647	-37.058901
4976	-10.899102	-37.059152
4977	-10.89852	-37.060097
4978	-10.897013	-37.060445
4979	-10.897101	-37.060744
4980	-10.89609	-37.060327
4981	-10.895859	-37.060124
4982	-10.894274	-37.061635
4983	-10.894541	-37.061037
4984	-10.893452	-37.063318
4986	-10.892483	-37.065431
4987	-10.892505	-37.065322
4988	-10.89367	-37.066893
4989	-10.893691	-37.066839
4990	-10.892139	-37.068029
4991	-10.892235	-37.068031
4993	-10.89028	-37.066941
4994	-10.885683	-37.064136
4995	-10.906338	-37.059288
4997	-10.906681	-37.053417
4998	-10.906309	-37.054997
4999	-10.906098	-37.051767
5000	-10.90582	-37.050918
5001	-10.903043	-37.053443
5003	-10.90307	-37.055247
5004	-10.903187	-37.055048
5010	-10.877172	-37.079608
5011	-10.875789	-37.080485
5012	-10.876082	-37.081054
5013	-10.877108	-37.081166
5014	-10.878209	-37.080916
5019	-10.881667	-37.07227
5020	-10.882243	-37.069356
5021	-10.88238	-37.06929
5022	-10.882564	-37.067889
5023	-10.882653	-37.067927
5025	-10.883062	-37.066077
5027	-10.882049	-37.063929
5028	-10.880534	-37.062784
5029	-10.880409	-37.062823
5046	-10.875403	-37.061659
5047	-10.875434	-37.061548
5049	-10.874014	-37.060694
5051	-10.87235	-37.059502
5055	-10.871673	-37.053486
5056	-10.873479	-37.052627
5058	-10.873703	-37.052419
5059	-10.876639	-37.050788
5060	-10.876306	-37.051094
5061	-10.878152	-37.050143
5062	-10.878193	-37.049983
5064	-10.880442	-37.048755
5065	-10.884609	-37.049616
5066	-10.883765	-37.049026
5067	-10.886916	-37.050845
5069	-10.888387	-37.05141
5070	-10.888535	-37.05156
5090	-10.902194	-37.055139
5091	-10.902426	-37.055116
5093	-10.90068	-37.056408
5094	-10.898508	-37.057845
5095	-10.899047	-37.057639
5096	-10.894939	-37.057458
5097	-10.892869	-37.058134
5099	-10.891711	-37.05519
5100	-10.892405	-37.055859
5101	-10.896912	-37.05733
5102	-10.896968	-37.057224
5103	-10.900989	-37.052635
5104	-10.898573	-37.052581
5105	-10.896667	-37.055595
5106	-10.896495	-37.055402
5107	-10.896319	-37.054066
5108	-10.896178	-37.053059
5125	-10.894134	-37.052192
5132	-10.890465	-37.052168
5137	-10.899057	-37.050738
5138	-10.913538	-37.072811
5140	-10.917247	-37.074538
5161	-10.902736	-37.061476
5162	-10.902004	-37.06206
5163	-10.901999	-37.061997
5164	-10.900507	-37.062983
5165	-10.900348	-37.063072
5166	-10.899899	-37.064437
5167	-10.90002	-37.064438
5168	-10.899901	-37.067189
5169	-10.899912	-37.067046
5170	-10.898049	-37.068583
5171	-10.897164	-37.069586
5172	-10.896472	-37.070605
5173	-10.89485	-37.070755
5175	-10.894745	-37.067448
5189	-10.917037	-37.069843
5190	-10.913674	-37.069281
5194	-10.915787	-37.083034
5195	-10.915484	-37.083229
5196	-10.914807	-37.082037
5199	-10.913982	-37.081095
5200	-10.914316	-37.078427
5201	-10.914372	-37.078384
5202	-10.914054	-37.076307
5203	-10.913924	-37.07614
5204	-10.912705	-37.075753
5205	-10.912673	-37.075811
5206	-10.911254	-37.077617
5207	-10.91131	-37.077587
5213	-10.910763	-37.085394
5215	-10.912254	-37.085455
5216	-10.912031	-37.085584
5228	-10.945545	-37.081112
5229	-10.946821	-37.082297
5230	-10.946857	-37.084107
5231	-10.944518	-37.086312
5233	-10.943591	-37.086818
5234	-10.942575	-37.082891
5236	-10.942174	-37.080451
5237	-10.941954	-37.080393
5238	-10.940262	-37.083673
5239	-10.944151	-37.08856
5240	-10.940671	-37.088675
5242	-10.936943	-37.089558
5244	-10.941898	-37.089008
5245	-10.9464	-37.090752
5246	-10.947143	-37.088062
5247	-10.946118	-37.086783
5248	-10.946667	-37.085989
5250	-10.94825	-37.084655
5252	-10.945895	-37.086988
5254	-10.945125	-37.08864
5268	-10.936726	-37.06122
5269	-10.935243	-37.060522
5270	-10.925769	-37.054196
5272	-10.925928	-37.074653
5273	-10.925548	-37.076192
5274	-10.972233	-37.093081
5275	-10.972115	-37.093094
5276	-10.974081	-37.094647
5277	-10.974006	-37.09454
5278	-10.975896	-37.095118
5280	-10.975975	-37.100265
5281	-10.976022	-37.102843
5282	-10.976012	-37.104162
5283	-10.975995	-37.105703
5284	-10.976577	-37.104911
5285	-10.977367	-37.110078
5286	-10.976563	-37.101113
5287	-10.976636	-37.103241
5288	-10.977614	-37.095518
5290	-10.979773	-37.096126
5291	-10.979729	-37.096048
5293	-10.982696	-37.096639
5294	-10.985951	-37.098322
5296	-10.987642	-37.099008
5298	-10.98984	-37.099868
5301	-10.993231	-37.101439
5302	-10.995691	-37.10242
5303	-10.995524	-37.102471
5304	-10.999082	-37.102727
5306	-11.003724	-37.104524
5307	-11.003713	-37.104438
5308	-11.005445	-37.105333
5309	-11.003823	-37.112696
5312	-11.00247	-37.111995
5313	-11.005246	-37.112051
5314	-11.005483	-37.113575
5315	-11.005908	-37.113261
5316	-11.003789	-37.111345
5317	-11.002926	-37.110473
5322	-10.957402	-37.071282
5349	-10.955527	-37.067004
5350	-10.955953	-37.06614
5356	-10.920191	-37.08855
5360	-10.959006	-37.098799
5361	-10.95782	-37.09783
5362	-10.958001	-37.09779
5363	-10.952716	-37.091444
5364	-10.952789	-37.091391
5365	-10.946842	-37.088833
5378	-10.913961	-37.095362
5381	-10.912363	-37.097864
5382	-10.906257	-37.103457
5383	-10.90709	-37.098157
5386	-10.912948	-37.090212
5389	-10.908567	-37.097742
5390	-10.906906	-37.095901
5392	-10.905942	-37.103103
5394	-10.93691	-37.05057
5398	-10.906529	-37.04801
5405	-10.970296	-37.067115
5674	-11.040536	-37.108585
5675	-11.040517	-37.108356
14951	-10.902058	-37.076746
14962	-10.894244	-37.083911
14970	-10.887075	-37.078723
15017	-10.913724	-37.095884
17351	-10.925615	-37.076266
17449	-10.983325	-37.053295
17450	-11.006016	-37.084914
17486	-10.983009	-37.057548
17487	-10.983009	-37.057548
17517	-10.943802	-37.070895
17557	-10.968192	-37.039654
17628	-10.911497	-37.061301
17686	-10.949749	-37.070116
17691	-10.933109	-37.055760
17713	-10.906145	-37.051964
17743	-10.949747	-37.070607
17747	-10.905739	-37.050845
17748	-10.992838	-37.056285
17758	-10.925790	-37.054251
17801	-10.939740	-37.082945
17802	-10.944109	-37.088323
17803	-10.942807	-37.092038
17804	-10.945954	-37.093269
17805	-10.946060	-37.093249
17807	-10.941436	-37.093126
17808	-10.941009	-37.093477
17809	-10.941559	-37.096208
17812	-10.936844	-37.089570
17836	-10.988137	-37.072827
17864	-10.951191	-37.071572
17867	-10.951069	-37.074392
17868	-10.952241	-37.067632
17869	-10.954841	-37.069004
17871	-10.946937	-37.062985
17898	-11.058552	-37.097392
17899	-11.058583	-37.097421
17900	-11.058749	-37.097386
17901	-11.058764	-37.097404
1886	-10.929655	-37.073502
5357	-10.922324	-37.09409
5358	-10.922678	-37.094368
17096	-10.968960	-37.081239
17098	-10.969485	-37.089015
17099	-10.965415	-37.085454
17100	-10.963448	-37.083698
17111	-10.900336	-37.056495
17112	-10.902991	-37.055192
17113	-10.902989	-37.058396
17116	-10.904409	-37.053810
17122	-10.896976	-37.051065
17125	-10.892511	-37.073298
17126	-10.890415	-37.075852
17130	-10.880570	-37.062845
17134	-10.872397	-37.059377
17136	-10.870524	-37.057206
17137	-10.870413	-37.055864
17138	-10.890267	-37.053835
17147	-10.939178	-37.057084
17148	-10.941962	-37.060551
17152	-10.933576	-37.049613
17154	-10.927906	-37.069783
17155	-10.928737	-37.066656
17156	-10.929592	-37.063714
17158	-10.934701	-37.052603
17170	-10.906957	-37.048309
17172	-10.906535	-37.047992
17175	-10.919652	-37.046388
17178	-10.947440	-37.051289
17180	-10.954262	-37.052944
17183	-10.973720	-37.053958
17186	-10.959994	-37.054501
17187	-10.956001	-37.053232
17189	-10.945428	-37.050902
17190	-10.937913	-37.050536
17191	-10.935483	-37.050087
17199	-10.918641	-37.068303
17200	-10.924316	-37.047624
17201	-10.924502	-37.047360
17202	-10.924034	-37.050789
17207	-10.918356	-37.048921
17210	-10.943671	-37.053475
17212	-10.941297	-37.057330
17217	-10.927722	-37.077243
17225	-10.969089	-37.066157
17228	-10.962834	-37.080922
17230	-10.963502	-37.084125
17231	-10.966391	-37.079588
17235	-10.917760	-37.057322
17236	-10.934964	-37.075008
17237	-10.950520	-37.051540
17238	-10.931768	-37.047683
17261	-10.913177	-37.089393
17262	-10.909972	-37.090527
17271	-10.868885	-37.079095
17272	-10.869023	-37.078999
17306	-10.918468	-37.048490
17811	-10.943256	-37.097208
17090	-10.975326	-37.075540
17091	-10.982827	-37.060187
17095	-10.973709	-37.078355
17106	-10.971921	-37.068776
17108	-10.894824	-37.051376
17109	-10.902157	-37.055222
17114	-10.903162	-37.055707
17119	-10.903575	-37.06007
17121	-10.903181	-37.053280
17123	-10.899844	-37.060051
17127	-10.903244	-37.082616
17129	-10.882332	-37.068982
17131	-10.875713	-37.061790
17132	-10.873754	-37.060544
17133	-10.873710	-37.060403
17140	-10.949420	-37.065472
17157	-10.932799	-37.056866
17159	-10.934208	-37.053273
17161	-10.933337	-37.055223
17163	-10.931314	-37.059416
17164	-10.929427	-37.063517
17168	-10.928465	-37.066892
17169	-10.927780	-37.069756
17173	-10.915816	-37.047684
17174	-10.916295	-37.047390
17176	-10.919976	-37.046035
17177	-10.923884	-37.044127
17179	-10.951359	-37.051968
17193	-10.938944	-37.076971
17194	-10.939449	-37.076897
17195	-10.919523	-37.069599
17197	-10.912943	-37.067286
17198	-10.918782	-37.068931
17213	-10.932649	-37.079490
17218	-10.936935	-37.082523
17220	-10.921061	-37.090851
17221	-10.908406	-37.085995
17223	-10.910931	-37.071714
17227	-10.982536	-37.060226
17263	-10.920572	-37.088828
17265	-10.930829	-37.057530
17268	-10.883964	-37.084090
17270	-10.883892	-37.084043
17408	-10.921149	-37.091017
17104	-10.974422	-37.070565
17117	-10.904146	-37.053751
17124	-10.893209	-37.071028
17128	-10.882373	-37.069299
17135	-10.871704	-37.059088
17141	-10.937764	-37.055026
17142	-10.931904	-37.052979
17144	-10.929545	-37.050928
17146	-10.933225	-37.053933
17182	-10.969545	-37.053783
17184	-10.981847	-37.053121
17192	-10.919612	-37.069842
17196	-10.916103	-37.068356
17203	-10.925849	-37.051704
17204	-10.929118	-37.051667
17208	-10.938922	-37.060815
17209	-10.938992	-37.060917
17211	-10.943515	-37.053461
17214	-10.932649	-37.079490
17215	-10.932649	-37.079490
17216	-10.932649	-37.079490
17224	-10.908565	-37.086007
17226	-10.983655	-37.053473
17232	-10.942287	-37.066123
17233	-10.942276	-37.065583
17266	-10.889803	-37.080416
17269	-10.881798	-37.086316
17426	-10.892549	-37.099947
